亲,pos,85714,7178,10672,10266,28447,7663,10218,11270
仁,pos,59259,4987,6898,6023,23932,4803,5918,6698
恩,pos,41723,1930,5393,4079,18044,3582,4704,3991
爱,pos,35635,4087,5329,4205,12083,1647,4228,4056
悯,pos,1661,39,84,96,815,190,246,191
赠,pos,23743,216,2946,4182,8834,2907,1940,2718
养,pos,35364,3358,5179,4708,11353,2368,4522,3876,（多义）
惠,pos,30370,4079,5939,3784,10307,2288,1826,2147
抚,pos,30056,636,2952,2653,10861,4570,3020,5364
救,pos,26536,3156,3558,2467,9358,1330,3894,2773
护,pos,22903,840,3292,4685,7725,2147,2600,1614
宠,pos,16429,1376,3597,1866,6955,792,949,894
慈,pos,14943,762,2671,2392,5346,944,1536,1292
援,pos,14537,572,2192,1632,6248,1575,891,1427
慰,pos,11444,142,1533,1104,4999,758,1825,1083
育,pos,8544,627,1772,1509,2958,473,604,601
赈,pos,4211,78,467,169,1818,193,1333,153
恤,pos,8356,630,1287,801,3285,908,639,806
怜,pos,8126,466,702,607,2283,369,1949,1750
恕,pos,6405,164,694,503,2977,564,595,908
杀,nag,82714,11607,11565,8536,28946,6300,10576,5184
攻,nag,43712,5245,6254,4696,18101,3307,3511,2598,（多义）
害,nag,38551,4337,4904,4419,14313,3300,4103,3175
伐,nag,34307,8876,5484,3943,10344,2367,1567,1726,（多义）
诛,nag,32574,5279,5479,3879,11943,2438,1732,1824
伤,nag,31268,4333,5035,2878,8864,1818,4911,3429
祸,nag,21427,3142,3737,2487,7045,1360,1864,1792
凶,nag,18279,2252,3511,2820,6016,1048,1392,1240
损,nag,18270,1264,2693,1999,6280,2859,2050,1125
暴,nag,16936,2432,2702,1983,6055,1264,1281,1219
毒,nag,15353,1016,1948,1526,2661,409,6929,864
毁,nag,14733,1541,2621,2357,4797,1218,994,1205
侵,nag,14533,1993,1721,1496,5694,1438,1172,1019
残,nag,12794,708,1504,1180,4650,706,1539,2507
戮,nag,8901,795,1719,1373,3418,553,585,458
屠,nag,6798,770,1107,785,2449,537,585,565
弑,nag,4584,1966,411,302,959,325,175,446
戕,nag,514,51,25,29,124,50,84,151
灭,nag,30095,4699,6357,5325,7923,1454,2152,2185
虐,nag,4653,529,922,564,1573,267,306,492
诅,nag,794,243,84,102,203,55,28,79
击,nag,42349,6251,6092,4486,17013,3394,2006,3107
殴,nag,1320,34,78,129,450,128,276,225
斩,nag,28096,2320,4217,3559,12014,1967,2298,1721
---
安抚,pos,5124,5,26,72,2507,1693,663,158
人道,pos,4500,262,272,217,695,96,1591,1367
睦,pos,3823,260,546,418,1497,435,361,306
供养,pos,3476,90,1036,1316,584,32,355,63
佑,pos,3284,128,187,129,1406,386,664,384
恻,pos,2980,147,508,248,1365,143,206,363
拯,pos,2927,44,550,362,1308,324,147,192
安定,pos,2711,183,659,505,905,233,109,117
庇,pos,2025,106,232,184,868,112,207,316
悯,pos,1661,39,84,96,815,190,246,191
善人,pos,1647,320,312,211,519,60,91,134
伺候,pos,1223,16,36,38,118,14,344,657
恩泽,pos,1150,70,122,73,582,156,83,64
和平,pos,1136,110,182,121,406,78,60,179
贡献,pos,1121,48,275,148,475,110,24,41
平安,pos,991,46,130,37,161,29,364,224
恻隐,pos,914,46,69,34,525,12,48,180
慈悲,pos,869,1,156,212,166,12,232,90
慰劳,pos,827,7,170,118,379,49,64,40
友善,pos,815,19,105,101,377,47,110,56
煦,pos,755,18,80,68,267,85,45,192
珍重,pos,595,5,13,11,405,5,71,85
扶持,pos,584,28,53,40,222,56,134,51
宽厚,pos,581,25,61,89,263,69,32,42
保护,pos,553,4,31,26,170,39,169,114
善心,pos,518,31,66,211,136,7,45,22
仁厚,pos,516,33,49,38,274,43,34,45
抚慰,pos,512,6,70,86,216,49,59,26
赈恤,pos,512,1,126,40,254,15,65,11
仁恕,pos,497,14,62,82,272,33,19,15
哀矜,pos,495,21,120,65,240,28,14,7
宽仁,pos,479,40,67,55,217,27,47,26
行善,pos,406,94,74,84,67,7,35,45
存恤,pos,404,17,38,22,208,52,55,12
惠政,pos,400,3,52,120,127,32,19,47
慈爱,pos,393,47,68,81,141,14,24,18
利民,pos,381,63,68,31,126,43,25,25
平复,pos,368,15,98,51,109,9,45,41
守护,pos,366,2,62,109,73,22,83,15
哀怜,pos,334,53,44,27,153,11,27,19
救人,pos,332,25,23,25,101,11,105,42
仁德,pos,320,47,48,25,74,51,59,16
惠民,pos,306,12,22,2,99,120,36,15
宽和,pos,305,22,67,69,111,10,14,12
温柔,pos,304,20,35,31,52,16,50,100
安康,pos,303,5,23,61,91,38,39,46
救护,pos,288,4,40,54,79,16,78,17
和睦,pos,283,57,56,26,68,7,42,27
施惠,pos,283,63,47,51,99,11,7,5
恩情,pos,272,4,42,23,51,7,71,74
慈惠,pos,262,62,32,24,98,17,18,11

杀人,nag,4906,590,553,384,1561,544,850,424
桀,nag,4683,1531,739,458,1243,148,148,416
虐,nag,4653,529,922,564,1573,267,306,492
戾,nag,3982,549,738,481,1269,311,209,425
酷,nag,3656,219,728,531,1233,269,313,363
侮,nag,3260,385,528,350,1276,196,257,268
自杀,nag,3179,970,656,228,911,181,96,137
剥,nag,2921,223,360,281,982,174,553,348
撞,nag,2414,96,114,117,344,141,1250,352
殄,nag,2368,151,647,402,820,125,101,122
厄,nag,2319,263,349,382,696,109,318,202
殃,nag,2291,511,416,430,410,117,206,201
殇,nag,2172,249,543,632,365,87,55,241
不仁,nag,2000,419,239,142,721,49,208,222
刑罚,nag,1962,532,346,237,549,164,56,78
伤人,nag,1343,242,205,118,312,98,270,98
征讨,nag,1322,38,202,286,535,85,123,53
进攻,nag,1122,9,133,140,614,86,87,53
杀伤,nag,1117,99,130,125,512,147,67,37
剿,nag,955,1,53,40,146,48,202,465
剔,nag,923,42,97,65,230,70,199,220
害人,nag,922,154,109,104,244,42,169,100
杀戮,nag,888,58,79,97,446,78,88,42
歼,nag,886,29,215,109,290,88,52,103
谋杀,nag,784,62,95,76,329,95,83,44
暴虐,nag,688,145,128,68,212,33,41,61
殛,nag,686,97,132,45,265,23,30,94
死伤,nag,685,91,93,71,303,64,34,29
杀害,nag,658,3,138,153,220,16,111,17
攻取,nag,647,62,59,63,287,60,84,32
脔,nag,591,25,76,89,224,52,54,71
大骂,nag,545,5,25,27,122,44,247,75
杀生,nag,543,67,132,176,101,12,44,11
侵扰,nag,521,12,51,55,291,52,33,27
戕,nag,514,51,25,29,124,50,84,151
劓,nag,510,127,64,82,132,50,17,38
诛灭,nag,498,105,119,55,145,43,25,6
破坏,nag,481,29,89,86,149,26,52,50
刺杀,nag,478,80,127,36,169,19,34,13
刑戮,nag,459,106,85,80,135,9,19,25
伤害,nag,445,103,88,50,109,19,58,18
膑,nag,425,109,86,51,118,18,12,31
连坐,nag,423,21,32,29,178,66,58,39
严刑,nag,418,49,64,61,148,32,31,33
寇掠,nag,407,3,71,85,171,51,12,14
诛杀,nag,399,84,68,30,157,28,18,14
骚扰,nag,380,14,39,29,209,29,30,30
力攻,nag,378,30,38,28,135,26,58,63
殄灭,nag,371,46,70,36,142,25,31,21
讨伐,nag,362,8,45,24,239,31,10,5
作恶,nag,357,23,49,84,70,4,69,58
迫胁,nag,339,41,67,29,160,15,15,12
杀气,nag,327,32,18,36,46,8,152,35
逼迫,nag,327,7,92,73,79,7,41,28
报复,nag,309,13,33,28,84,42,33,76
驱逐,nag,305,24,46,34,105,19,34,43
残害,nag,304,5,59,62,96,14,56,12
攻伐,nag,303,75,74,38,76,18,8,14
残忍,nag,288,1,16,25,148,38,33,27
袭击,nag,285,18,30,41,148,27,13,8
谋害,nag,279,4,23,26,100,20,80,26
荼毒,nag,272,6,76,43,76,14,29,28
侵暴,nag,264,37,54,32,108,9,11,13
攻打,nag,259,0,0,0,36,2,208,13
刀锯,nag,259,29,47,34,94,5,12,38
心肝,pos,257,6,20,22,60,11,96,42
报答,pos,257,5,26,23,77,5,82,39
温良,pos,256,53,34,36,75,11,30,17
相让,pos,256,34,45,25,61,8,48,35
抚育,pos,255,2,39,49,105,16,27,17
敬爱,pos,255,34,38,52,75,11,23,22
毁坏,nag,255,30,71,47,63,7,22,15
有助,pos,254,6,24,31,120,25,21,27
疮痍,nag,254,5,6,19,157,25,24,18
仁慈,pos,253,10,31,41,92,10,40,29
天诛,nag,253,36,57,14,97,4,17,28
重伤,nag,253,18,10,14,132,22,37,20
族诛,nag,251,5,30,32,137,11,6,30
拥护,pos,251,7,49,50,44,8,68,25
耐烦,pos,249,0,4,2,11,2,132,98
遗恨,nag,249,2,52,34,75,20,40,26
保佑,pos,245,9,9,8,84,25,36,74
打杀,nag,243,1,24,19,73,4,115,7
归天,nag,240,15,23,39,76,13,47,27
鼎镬,nag,238,8,32,29,112,27,14,16
谆谆,pos,236,19,23,11,65,16,36,66
迎合,pos,234,0,4,0,89,74,30,37
忧思,nag,233,48,37,26,59,5,23,35
哀号,nag,232,1,41,46,71,13,25,35
屠戮,nag,232,1,32,23,117,10,29,20
仁心,pos,230,27,43,20,78,16,26,20
恩人,pos,230,0,1,2,19,10,122,76
迎击,nag,229,24,30,8,95,36,19,17
善意,pos,228,53,40,20,82,12,13,8
夹击,nag,227,5,9,20,82,43,20,48
陷害,nag,226,11,16,11,71,9,80,28
仁惠,pos,224,17,45,48,79,14,18,3
宽恕,pos,224,8,31,32,94,14,29,16
阵亡,nag,223,1,2,0,81,22,82,35
焚毁,nag,220,0,11,13,121,33,26,16
绝灭,nag,220,44,39,33,61,14,13,16
厚待,pos,217,7,35,20,90,13,26,26
强梁,nag,217,26,44,35,52,13,22,25
强暴,nag,216,24,23,21,75,16,27,30
凌迟,nag,213,13,26,15,68,21,41,29
苦痛,nag,213,11,62,82,22,1,31,4
养病,pos,212,13,13,15,72,5,52,42
吞声,nag,212,1,25,20,50,3,60,53
宽宥,pos,211,0,31,25,108,19,13,15
血战,nag,211,0,0,0,126,18,29,38
提携,pos,210,4,37,30,47,4,42,46
孝女,pos,209,0,21,15,51,13,19,90
保重,pos,207,0,2,3,58,1,55,88
医治,pos,207,12,12,7,56,10,77,33
消灭,nag,207,34,38,40,38,1,31,25
欺负,nag,207,5,7,8,16,6,102,63
责罚,nag,205,2,1,8,107,19,41,27
捐弃,pos,203,23,67,34,55,11,2,11
孝心,pos,202,5,6,12,52,18,34,75
毁伤,nag,202,37,50,24,60,5,15,11
温和,pos,202,24,31,41,52,14,23,17
营救,pos,202,0,23,12,117,26,7,17
解毒,pos,201,8,7,3,24,1,152,6
中毒,nag,200,17,26,21,43,8,71,14
惨然,nag,200,2,12,25,59,7,36,59
过犯,nag,200,0,4,5,140,18,19,14
惠爱,pos,200,14,32,18,78,24,16,18
情义,pos,199,2,31,35,65,2,15,49
行凶,nag,199,5,17,10,32,7,99,29
相伴,pos,198,1,3,4,41,2,88,59
连累,nag,198,3,7,5,31,12,113,27
损伤,nag,196,3,20,27,38,6,68,34
恶疾,nag,195,42,19,26,52,6,28,22
关心,pos,195,0,11,14,52,7,43,68
宽容,pos,194,25,41,20,75,8,11,14
行孝,pos,194,25,29,27,58,10,36,9
泪痕,nag,192,0,0,4,44,3,41,100
袒免,nag,192,5,8,11,90,65,3,10
苦楚,nag,191,11,8,12,23,9,96,32
受气,nag,189,53,23,29,18,2,38,26
温厚,pos,189,13,18,8,96,10,12,32
善良,pos,188,4,1,4,76,43,40,20
炮烙,nag,188,11,21,6,43,10,76,21
畏罪,nag,187,28,39,10,68,13,9,20
残暴,nag,186,6,35,28,82,13,12,10
悲痛,nag,185,24,40,22,47,7,13,32
救命,pos,185,1,26,15,19,2,64,58
施舍,pos,185,35,13,21,71,6,13,26
见爱,pos,185,33,30,22,46,1,26,27
损坏,nag,184,1,6,10,90,19,48,10
屠城,nag,179,13,39,29,56,21,16,5
悲不自胜,nag,179,2,25,49,93,0,8,2
水害,nag,179,17,20,11,62,39,25,5
劫夺,nag,179,7,42,17,64,11,18,20
污辱,nag,178,52,38,19,39,10,10,10
窃取,nag,178,5,10,14,52,24,21,52
受刑,nag,177,19,21,16,26,20,50,25
裨益,pos,176,1,6,20,66,33,20,30
当心,pos,175,15,13,19,47,3,20,58
止痛,pos,171,14,3,1,9,0,141,3
照顾,pos,171,0,0,0,13,1,71,86
苦难,nag,170,4,18,28,53,9,39,19
好心,pos,168,3,9,27,24,3,51,51
争斗,nag,167,20,9,5,53,15,38,27
怒骂,nag,167,15,9,4,43,16,48,32
病患,nag,166,0,2,4,50,8,100,2
旧恶,nag,163,23,22,10,82,8,7,11
夺取,nag,162,15,30,28,48,9,18,14
捕杀,nag,162,8,17,4,94,23,8,8
灭族,nag,162,12,36,19,67,6,15,7
救济,pos,161,0,35,33,51,3,36,3
残虐,nag,161,7,27,15,75,13,22,2
防护,pos,161,3,12,18,68,15,31,14
拯救,pos,160,4,17,12,76,6,25,20
死去,nag,160,3,9,19,32,2,44,51
偷盗,nag,159,10,15,56,35,6,29,8
受害,nag,159,7,34,13,45,16,25,19
哀伤,nag,159,15,43,28,37,8,18,10
虚弱,nag,159,6,28,21,37,7,48,12
慰问,pos,159,2,17,37,49,12,10,32
弃世,nag,158,9,44,26,43,3,26,7
深情,pos,157,1,43,17,29,3,30,34
残酷,nag,157,12,18,20,73,11,13,10
留情,pos,155,0,16,42,40,4,19,34
纠弹,nag,155,1,2,32,46,22,32,20
芟夷,nag,155,7,56,33,35,5,11,8
惠及,pos,154,6,22,17,78,17,6,8
灭绝,nag,154,34,26,10,40,3,19,22
恶意,nag,153,24,35,31,21,0,21,21
救灾,pos,153,9,16,2,88,18,10,10
仇怨,nag,151,23,13,15,63,14,13,10
伤悲,nag,151,16,31,13,23,5,24,39
困厄,nag,150,32,22,18,52,1,11,14
交恶,nag,149,15,12,10,73,20,7,12
止血,pos,148,6,0,0,1,0,139,2
逼人,nag,148,0,9,12,40,9,45,33
拷掠,nag,147,0,12,25,45,8,30,27
顾念,pos,147,24,26,17,39,0,19,22
冤死,nag,144,8,27,9,55,10,17,18
毁灭,nag,143,16,35,48,32,0,8,4
遗弃,nag,143,4,11,14,53,10,34,17
焚掠,nag,143,0,4,0,78,22,15,24
蕴藉,pos,142,7,21,12,40,16,8,38
痛苦,nag,142,2,7,10,27,2,56,38
归西,nag,141,5,16,19,50,8,27,16
伤残,nag,139,0,10,7,69,7,29,17
该死,nag,139,0,0,0,1,0,67,71
凶险,nag,138,0,16,15,60,7,29,11
搏战,nag,138,9,17,11,46,31,7,17
鏖战,nag,138,0,0,0,47,26,51,14
分忧,pos,137,0,2,12,65,6,38,14
感化,pos,136,2,16,15,69,11,9,14
中箭,nag,135,0,5,8,53,6,55,8
吊慰,pos,135,0,12,12,54,51,4,2
覆亡,nag,135,3,20,25,63,12,10,2
调理,pos,135,2,3,5,9,2,67,47
问候,pos,135,3,0,1,25,11,21,74
宽心,pos,134,3,1,0,14,0,91,25
惨毒,nag,134,6,19,2,53,13,22,19
博爱,pos,132,18,42,11,43,1,7,10
同情,pos,131,16,31,9,40,3,15,17
屠杀,nag,131,6,19,42,44,8,7,5
痛恨,nag,130,2,28,7,24,2,47,20
养活,pos,128,2,4,19,12,2,34,55
反攻,nag,128,13,15,4,78,6,4,8
温暖,pos,128,4,18,22,37,7,32,8
作痛,nag,127,2,0,2,4,0,112,7
保障,pos,127,3,9,2,41,16,36,20
防卫,pos,127,3,35,31,35,7,13,3
包容,pos,125,17,10,12,50,7,10,19
湮灭,nag,125,10,31,30,28,12,6,8
火坑,nag,125,0,24,32,15,2,32,20
通融,pos,125,0,0,5,37,25,19,39
温饱,pos,124,6,16,9,41,7,19,26
祸害,nag,123,15,36,20,21,3,19,9
横死,nag,122,7,12,25,37,5,24,12
母爱,pos,121,25,21,10,36,3,15,11
骂人,nag,121,0,6,10,18,1,41,45
吊丧,pos,120,13,19,13,34,14,26,1
心疼,pos,119,0,1,0,0,0,65,53
沦陷,nag,119,0,30,31,38,9,6,5
重创,nag,119,1,13,23,49,19,6,8
重罚,nag,119,25,12,7,42,18,8,7
吃人,nag,118,0,1,4,11,3,71,28
崩坏,nag,118,15,39,28,19,5,9,3
包藏祸心,nag,117,2,19,4,51,15,10,16
心血,pos,117,0,7,7,7,0,42,54
精心,pos,116,5,18,17,49,5,8,14
削弱,nag,116,15,15,17,44,11,6,8
好战,nag,116,24,15,11,47,4,9,6
周济,pos,115,0,9,9,19,2,54,22
无助,nag,115,11,5,11,54,12,13,9
可憎,nag,113,2,12,11,35,8,7,38
忧伤,nag,113,29,18,8,35,2,6,15
诛锄,nag,113,8,17,16,48,10,6,8
灭门,nag,112,14,22,18,27,7,17,7
阴骘,pos,110,5,0,4,23,11,31,36
掠夺,nag,110,2,18,10,61,8,6,5
看病,pos,109,0,6,12,6,0,37,48
遇难,nag,108,8,16,9,37,6,15,17
福利,pos,108,4,14,41,18,6,19,6
仁君,pos,106,22,28,5,37,3,7,4
卫护,pos,106,4,29,13,35,7,14,4
弑父,nag,106,43,2,2,24,6,6,23
感召,pos,106,1,6,15,46,14,9,15
奠祭,pos,104,0,13,21,38,18,8,6
慈颜,pos,104,0,19,15,32,9,12,17
治疗,pos,104,1,8,13,25,9,36,12
烦冤,nag,104,27,40,16,14,1,1,5
患病,nag,102,0,0,1,21,1,49,30
照看,pos,102,0,1,1,5,0,25,70
作孽,nag,101,15,3,13,34,1,9,26
济贫,pos,101,0,8,7,55,7,18,6
殒命,nag,99,7,28,20,27,3,7,7
顾惜,pos,98,0,6,6,57,4,8,17
救助,pos,98,18,11,14,38,7,8,2
毒手,nag,97,0,3,2,20,1,51,20
好客,pos,96,11,6,6,22,8,17,26
得益,pos,96,9,24,13,25,3,8,14
斩杀,nag,96,18,15,21,24,9,5,4
摧残,nag,95,0,6,17,17,7,28,20
离愁,nag,95,0,0,1,22,14,15,43
加惠,pos,95,24,4,3,43,5,9,7
伤痛,nag,94,16,19,11,34,1,7,6
温言,pos,94,4,10,3,46,12,8,11
育人,pos,94,2,12,13,32,11,15,9
顾复,pos,94,2,23,12,37,7,7,6
不共戴天,nag,93,0,0,0,27,16,23,27
救出,pos,93,1,2,0,4,4,67,15
敬老,pos,93,22,8,4,24,2,5,28
补助,pos,92,0,3,3,48,25,8,5
侵入,nag,91,5,10,10,31,9,18,8
受益,pos,91,2,4,4,49,7,5,20
痛楚,nag,91,3,7,5,33,3,18,22
哀哭,nag,90,6,19,21,25,2,10,7
帮助,pos,90,0,1,1,1,0,36,51
扶掖,pos,90,3,1,1,32,23,14,16
迎宾,pos,90,8,6,31,10,2,8,25
怜悯,pos,90,2,0,3,14,5,42,24
兵连祸结,nag,89,3,7,5,50,8,12,4
扑杀,nag,89,4,11,11,48,0,4,11
煎熬,nag,89,9,12,10,18,3,28,9
示恩,pos,89,1,8,4,58,8,5,5
覆灭,nag,89,4,16,22,36,1,5,5
解救,pos,89,3,1,1,9,2,44,29
保卫,pos,88,0,17,23,40,4,2,2
病势,nag,88,0,0,1,6,1,52,28
咒诅,nag,87,2,13,34,24,4,5,5
打倒,nag,87,0,0,0,6,2,52,27
混战,nag,86,0,0,0,1,0,79,6
挟持,nag,86,11,12,1,34,6,7,15
强奸,nag,85,2,1,4,16,10,34,18
忍痛,pos,84,12,12,8,15,2,16,19
玷辱,nag,84,0,3,3,19,2,37,20
粗暴,nag,83,0,8,15,44,3,5,8
瞑眩,nag,81,7,1,2,34,6,13,18
罹祸,nag,81,3,19,17,26,6,2,8
体贴,pos,81,0,1,0,4,0,11,65
诛除,nag,80,4,23,16,33,1,2,1
损害,nag,79,4,9,25,20,4,15,2
凶残,nag,78,1,3,13,44,1,9,7
寇攘,nag,78,6,7,4,42,10,6,3
爱护,pos,78,0,6,5,8,5,21,33
去死,nag,77,6,13,11,22,2,14,9
消瘦,nag,77,1,6,4,7,2,19,38
虫豸,nag,77,7,12,10,32,3,4,9
难受,nag,77,7,11,9,5,0,7,38
帮忙,pos,76,0,0,0,0,0,0,76
生厌,nag,76,0,13,36,8,0,6,13
蠹害,nag,76,0,10,10,43,6,4,3
误伤,nag,76,0,8,7,22,2,24,13
追荐,pos,76,0,1,0,16,5,47,7
践踏,nag,76,0,3,6,9,2,36,20
仁善,pos,75,14,12,9,27,4,3,6
偷窃,nag,75,4,14,17,23,1,6,10
尊老,pos,75,9,11,12,17,5,9,12
惨怛,nag,74,20,11,5,21,7,4,6
救难,pos,74,3,3,4,20,2,27,15
酷刑,nag,74,10,12,2,13,4,12,21
爱心,pos,74,6,16,16,16,2,12,6
凄恻,nag,73,5,15,7,27,3,7,9
死于非命,nag,73,0,0,0,3,1,62,7
仁民爱物,pos,72,0,0,0,44,7,6,15
刑具,nag,72,0,2,4,5,3,27,31
苦处,nag,72,1,0,13,7,0,19,32
解愁,pos,72,4,13,8,21,3,8,15
调养,pos,72,0,2,1,9,3,35,22
争战,nag,71,1,5,8,24,5,18,10
康复,pos,71,0,5,5,50,6,0,5
理解,pos,71,3,7,6,17,3,2,33
瘟疫,nag,71,0,5,0,3,0,44,19
闵凶,nag,71,2,24,18,23,0,3,1
刺死,nag,69,7,0,1,10,1,42,8
疫病,nag,69,7,12,31,10,0,5,4
益友,pos,69,5,9,10,30,1,8,6
血腥,nag,69,3,8,16,10,5,16,11
反哺,pos,68,4,21,12,16,1,9,5
拜寿,pos,68,1,2,7,12,0,14,32
援助,pos,68,4,8,5,42,5,0,4
妨害,nag,67,10,14,6,30,1,3,3
斗殴,nag,67,0,0,5,18,10,27,7
庇护,pos,66,0,0,1,44,5,6,10
宽慰,pos,65,2,8,4,12,2,9,28
蹂躏,nag,65,2,1,2,21,12,2,25
慈善,pos,64,0,14,26,7,0,10,7
死敌,nag,64,18,4,2,22,9,2,7
行好,pos,64,4,6,8,18,2,15,11
吊民伐罪,pos,63,0,15,2,21,2,23,0
搭救,pos,63,0,0,0,0,1,37,25
行刺,nag,63,0,1,6,11,4,34,7
凌虐,nag,62,1,2,2,20,3,10,24
康健,pos,62,0,0,1,11,2,26,22
欺侮,nag,62,6,3,7,14,0,25,7
苦因,nag,62,0,32,20,6,0,3,1
切痛,nag,61,8,20,2,14,4,8,5
虐杀,nag,61,7,5,7,33,2,3,4
狠心,nag,61,0,0,0,1,0,24,36
捉拿,nag,60,0,0,0,1,0,47,12
凶戾,nag,59,0,23,7,28,0,0,1
劝慰,pos,59,0,0,1,0,0,16,42
宽弘,pos,59,5,14,13,19,1,6,1
笃爱,pos,59,2,15,14,24,2,1,1
羞辱,nag,59,12,2,2,7,0,20,16
降祉,pos,59,3,20,10,23,2,1,0
好斗,nag,59,2,4,12,15,3,17,6
拳打,nag,58,0,2,4,4,0,37,11
流寇,nag,58,0,2,1,0,0,7,48
血泪,nag,58,0,4,9,18,3,8,16
酷毒,nag,58,1,5,10,29,5,1,7
冤酷,nag,58,1,13,17,17,9,1,0
唾骂,nag,57,0,0,2,14,3,24,14
慈祥,pos,57,1,0,1,14,7,17,17
凶手,nag,56,0,4,3,2,0,2,45
强横,nag,56,0,3,2,23,4,8,16
摧毁,nag,56,0,2,8,34,5,6,1
断食,nag,55,0,16,23,10,3,3,0
玉石俱焚,nag,55,1,3,5,13,3,22,8
苦水,nag,55,3,10,6,13,5,11,7
贬斥,nag,55,0,3,2,32,5,2,11
乞怜,nag,54,0,0,1,11,7,19,16
关怀,pos,54,6,11,12,13,1,3,8
拦阻,pos,54,0,0,0,1,1,29,23
混乱,nag,54,0,4,14,12,4,10,10
和善,pos,53,4,11,6,25,2,3,2
杖刑,nag,53,0,2,10,19,15,2,5
刺痛,nag,52,3,2,0,0,0,47,0
溺爱,nag,52,0,2,1,3,3,11,32
动情,pos,51,1,3,0,12,3,23,9
威胁,nag,51,4,5,4,27,3,3,5
孕育,pos,51,5,19,11,11,1,3,1
染病,nag,51,0,1,0,7,0,30,13
赡养,pos,50,1,6,1,31,6,2,3
守候,pos,49,3,0,0,7,1,13,25
拘守,pos,49,6,7,5,16,1,0,14
宽赦,pos,48,10,8,1,20,1,2,6
赌斗,nag,48,0,0,0,0,0,48,0
绝情,nag,48,0,4,7,4,0,4,29
夭亡,nag,48,4,3,1,7,1,18,14
弄坏,nag,47,0,0,0,3,0,9,35
隐痛,nag,47,11,12,3,7,1,5,8
凶狠,nag,46,0,2,6,14,6,13,5
殉难,nag,46,0,3,2,3,0,1,37
辱骂,nag,46,0,0,2,1,0,34,9
恩慈,pos,45,1,9,8,14,0,7,6
溃败,nag,45,0,0,3,15,7,4,16
自相鱼肉,nag,45,0,9,6,23,4,2,1
遭殃,nag,45,3,0,2,0,3,28,9
爱怜,pos,45,5,3,1,15,1,7,13
受伤,nag,44,0,2,0,1,0,14,27
垂危,nag,44,0,0,0,0,0,7,37
死绝,nag,44,5,5,4,10,5,5,10
永逝,nag,44,6,16,11,5,0,3,3
葬身,nag,44,0,0,0,4,2,29,9
诟病,nag,44,2,3,6,6,2,4,21
宽洪,pos,43,0,0,0,5,4,20,14
拆散,nag,42,0,0,0,1,0,32,9
残废,nag,42,0,8,3,16,5,2,8
不关心,nag,42,0,4,5,12,1,9,11
侮弄,nag,41,0,4,6,14,0,9,8
喂养,pos,41,0,0,3,1,0,24,13
奚落,nag,41,0,0,0,0,0,18,23
怜惜,pos,41,0,2,1,4,0,10,24
毁容,nag,41,1,18,10,7,1,1,3
济急,pos,41,2,5,2,13,3,11,5
皮开肉绽,nag,41,0,0,0,0,0,37,4
劫持,nag,40,5,1,1,24,5,0,4
厌弃,nag,40,0,1,1,14,4,3,17
孝亲,pos,40,0,1,0,4,2,8,25
害命,nag,40,1,4,5,6,0,17,7
磨折,nag,40,0,0,1,1,0,12,26
饶恕,pos,40,0,0,0,0,0,28,12
亲和,pos,39,6,3,0,5,2,10,13
吊死问疾,pos,39,15,6,1,13,2,1,1
哀悯,pos,39,2,4,1,21,4,5,2
崩殂,nag,39,0,21,9,3,3,2,1
贤淑,pos,39,0,4,3,8,3,10,11
悲怆,nag,38,0,2,7,9,4,7,9
既往不咎,pos,38,3,2,2,19,2,5,5
败絮,nag,38,0,5,1,10,3,5,14
关格,nag,37,13,0,0,1,1,21,1
凄惶,nag,37,0,0,2,4,0,18,13
命危,nag,37,2,7,8,13,1,3,3
毁除,nag,37,0,5,11,14,5,2,0
热心,pos,37,3,2,0,1,1,11,19
打架,nag,37,0,0,0,0,0,2,35
颠连,nag,37,0,0,0,4,2,21,10
害死,nag,36,5,4,6,4,3,6,8
宽解,pos,36,1,1,1,8,4,10,11
慈福,pos,36,0,0,1,6,28,1,0
撒娇,pos,36,0,0,0,0,0,13,23
权益,pos,36,1,4,0,21,6,0,4
熬煎,nag,36,2,0,1,1,1,17,14
结仇,nag,36,0,8,3,10,1,6,8
贤惠,pos,36,3,0,0,7,8,5,13
不孝之子,nag,35,5,4,5,13,0,5,3
国破家亡,nag,35,0,3,9,11,1,6,5
护着,pos,35,0,0,0,0,0,10,25
暗伤,nag,35,0,0,0,5,1,11,18
欺凌,nag,35,1,0,2,2,2,13,15
突击,nag,35,0,5,1,18,6,2,3
酸痛,nag,35,4,5,1,5,0,15,5
阻挠,nag,35,0,0,0,3,0,11,21
挟制,nag,34,0,0,0,0,0,7,27
攻讦,nag,34,0,1,3,14,0,1,15
救亡,pos,34,12,2,0,16,1,2,1
一臂之力,pos,33,0,0,0,0,0,24,9
与人为善,pos,33,2,0,0,16,1,5,9
恐吓,nag,33,1,0,4,7,0,14,7
老伴,pos,33,0,0,0,18,1,3,11
贤孝,pos,33,5,2,2,6,6,5,7
钟情,pos,33,0,0,0,4,1,11,17
恶战,nag,32,4,1,1,4,0,21,1
造福,pos,32,0,4,3,1,10,8,6
乘胜追击,nag,31,0,3,6,21,0,1,0
胁持,nag,31,2,0,0,13,7,3,6
致病,nag,31,0,4,1,8,1,10,7
弄死,nag,31,0,0,0,1,0,11,19
开战,nag,30,1,1,4,3,0,7,14
拶子,nag,30,0,0,0,0,1,24,5
猥亵,nag,30,0,0,0,6,2,2,20
仁者爱人,pos,29,8,7,2,9,0,1,2
刀俎,nag,29,4,6,5,5,0,4,5
嫌恶,nag,29,1,0,13,8,2,3,2
病容,nag,29,0,0,1,3,0,6,19
蠹国害民,nag,29,0,0,0,16,3,5,5
友好,pos,29,0,11,3,8,0,2,5
呵护,pos,28,0,0,0,4,0,4,20
哭丧,nag,28,0,2,1,5,0,7,13
围攻,nag,28,2,6,3,12,2,2,1
杀绝,nag,28,0,2,2,3,9,10,2
毁损,nag,28,1,5,10,9,2,0,1
蒙难,nag,28,0,1,8,11,0,0,8
冤业,nag,27,0,1,0,2,0,19,5
缠扰,nag,27,0,0,0,1,0,17,9
虫灾,nag,27,5,3,7,5,3,3,1
讨饭,nag,27,0,0,0,1,0,16,10
谗害,nag,27,1,7,3,8,4,2,2
使坏,nag,26,5,1,2,6,0,2,10
保住,pos,26,0,0,0,0,0,1,25
恶骂,nag,26,1,2,14,7,0,0,2
援救,pos,26,1,6,1,15,1,1,1
治死,nag,26,5,1,1,4,0,2,13
茹毛饮血,nag,26,1,7,6,7,2,1,2