义,pos,135140,15969,25562,17807,41882,8232,7953,17735
忠,pos,57137,3971,6613,4099,24929,6252,5087,6186
盟,pos,9652,2613,1025,766,3444,635,428,741
挚,pos,2599,270,220,249,1199,366,65,230
诺,pos,3937,740,331,302,1398,181,367,618
信,pos,68699,8655,9316,8044,22994,4796,6098,8796,（多义）
诚,pos,37308,2505,6343,4062,15598,1951,2943,3906
约,pos,27469,2070,2586,3018,10115,2596,3007,4077,（多义）
誓,pos,7824,409,1272,1207,2710,618,799,809
谅,pos,4720,107,552,767,1869,374,309,742,（多义）
孚,pos,3562,262,519,388,1352,230,285,526
恂,pos,2423,132,704,266,852,76,186,207
奸,nag,20432,2403,2717,1611,7726,1935,2039,2001
叛,nag,15765,851,2492,1794,6564,1849,1198,1017
逃,nag,12285,885,1401,1195,4404,933,1945,1522
贰,nag,5720,699,684,931,2128,658,261,359,（多义）
佞,nag,4297,794,585,505,1501,286,295,331
谍,nag,1214,73,78,117,564,226,68,88
诡,nag,3729,344,717,489,1128,285,302,464
伪,nag,14763,1225,2025,1647,5341,1212,890,2423
欺,nag,8299,927,741,591,3037,571,1279,1153
诈,nag,8232,1425,1123,948,3008,498,754,476
诬,nag,7283,416,846,540,2755,813,682,1231
矫,nag,5583,526,1169,855,1771,329,341,592
谤,nag,4836,407,832,758,1845,346,275,373
谗,nag,4749,1011,732,500,1573,297,306,330
赂,nag,4310,630,388,247,1935,399,335,376
盗,nag,24756,2526,2581,2379,9133,3135,2699,2303
窃,nag,20400,1471,3118,1896,9530,1330,1186,1869
谄,nag,2098,299,323,341,703,132,161,139
贿,nag,2631,179,216,453,827,216,225,515
诽,nag,1134,229,232,166,300,62,49,96
诋,nag,2356,138,128,108,733,318,132,799
谀,nag,1727,393,219,135,561,130,118,171
讹,nag,9311,130,2697,2563,900,615,368,2038
贼,nag,59764,2778,6687,5984,28869,4304,6444,4698
---

忠信,pos,2124,459,253,165,932,91,89,135
同心,pos,1931,226,318,231,645,88,220,203
无二,pos,1930,147,337,252,575,101,183,335
股肱,pos,1493,192,356,196,534,50,85,80
尽忠,pos,1342,153,209,119,570,130,105,56
卫士,pos,1028,57,129,104,390,120,171,57
勤王,pos,1014,13,128,115,475,158,34,91
忠良,pos,998,46,144,94,394,68,168,84
战士,pos,941,74,134,118,459,77,53,26
亲信,pos,927,73,99,145,456,72,41,41
爪牙,pos,902,102,170,141,328,51,43,67
忠于,pos,889,82,113,96,425,59,51,63
内人,pos,875,30,97,135,356,105,79,73
归心,pos,867,57,140,154,343,41,68,64
家门,pos,847,8,110,82,158,38,232,219
忠言,pos,798,89,111,53,352,70,73,50
扈从,pos,789,4,7,26,342,191,125,94
族人,pos,730,49,63,108,256,92,61,101
忠厚,pos,707,28,43,42,274,109,97,114
卫国,pos,698,62,213,163,174,31,40,15
死战,pos,663,16,83,60,262,65,141,36
忠节,pos,661,13,116,67,287,64,26,88
道义,pos,661,38,109,68,304,30,68,44
教民,pos,656,151,98,32,195,62,62,56
名誉,pos,652,87,113,134,208,27,45,38
精诚,pos,644,77,115,148,207,25,44,28
党人,pos,637,37,124,29,241,78,25,103
同志,pos,634,45,103,107,144,29,114,92
许诺,pos,607,178,53,59,255,17,29,16
忠诚,pos,605,53,147,84,219,23,46,33
忠烈,pos,600,1,87,101,257,42,54,58
辅弼,pos,589,50,69,38,332,42,31,27
同类,pos,563,111,60,70,130,29,78,85
信义,pos,555,20,108,93,242,29,39,24
国土,pos,552,21,179,130,130,15,46,31
赤心,pos,551,9,68,55,300,54,40,25
同盟,pos,550,161,97,48,167,18,23,36
致命,pos,548,77,104,99,190,12,32,34
烈士,pos,547,45,138,95,184,21,35,29
征兵,pos,540,31,69,89,254,44,21,32
死节,pos,536,66,56,41,211,56,36,70
不贰,pos,533,82,58,51,207,21,38,76
牺牲,pos,527,141,77,58,126,51,26,48
嫁娶,pos,525,55,103,114,137,48,23,45
死士,pos,524,59,43,28,213,85,53,43
相爱,pos,519,127,50,34,115,8,108,77
信任,pos,507,59,40,53,237,59,34,25
氏族,pos,494,26,73,102,136,31,45,81
兵权,pos,487,19,27,49,243,57,61,31
守法,pos,481,49,37,37,226,52,38,42
忠勇,pos,476,1,75,51,196,91,39,23
血脉,pos,474,117,43,19,91,23,136,45
家室,pos,444,145,78,41,106,7,28,39
同僚,pos,439,6,33,24,143,47,140,46
一致,pos,439,26,103,67,124,12,32,75
谨守,pos,407,35,35,16,186,38,44,53
肝胆,pos,406,32,66,58,128,11,80,31
奉献,pos,375,27,104,60,132,12,30,10
顺治,pos,361,8,1,1,9,2,4,336
陪臣,pos,357,62,46,40,118,26,33,32
同德,pos,356,32,40,43,143,21,37,40
廉洁,pos,355,42,36,50,129,37,20,41
主子,pos,354,26,25,13,68,15,75,132
气节,pos,352,11,15,16,90,73,26,121
不渝,pos,347,23,86,60,118,13,29,18
旨意,pos,347,7,19,6,61,34,139,81
统一,pos,315,8,44,52,94,35,28,54
家庭,pos,301,1,24,13,60,10,53,140
百越,pos,297,56,71,73,63,5,14,15
婚嫁,pos,291,1,19,55,94,41,30,51
效死,pos,291,14,32,13,137,27,47,21
守职,pos,282,78,33,28,107,12,12,12
清高,pos,279,17,64,56,72,4,42,24
断金,pos,275,21,77,67,61,9,32,8
求婚,pos,273,4,24,58,134,18,11,24
家族,pos,272,9,12,8,169,41,9,24
皇恩,pos,269,1,38,30,50,14,39,97
结草,pos,269,11,61,30,109,12,29,17
结婚,pos,266,25,38,37,111,9,20,26
队伍,pos,259,2,2,11,76,30,108,30
死守,pos,258,9,16,6,95,54,38,40
捐躯,pos,257,3,24,20,120,14,39,37
族类,pos,255,20,42,55,79,17,22,20
同胞,pos,253,2,3,5,35,7,78,123
合作,pos,251,12,31,18,126,10,19,35
国民,pos,250,37,40,16,46,10,3,98
刎颈,pos,247,48,50,25,83,3,32,6
支持,pos,232,1,6,10,66,4,84,61
效忠,pos,230,8,28,18,76,38,25,37
仗义,pos,222,4,23,9,50,9,87,40
守土,pos,210,5,10,18,87,24,32,34
提携,pos,210,4,37,30,47,4,42,46
盟约,pos,205,12,16,30,122,14,6,5
情义,pos,199,2,31,35,65,2,15,49
亲密,pos,192,22,16,23,63,12,18,38
忠臣义士,pos,187,2,18,14,99,16,23,15
义气,pos,186,9,9,1,18,10,99,40
愚忠,pos,186,28,21,12,101,6,3,15
忠实,pos,185,11,11,11,89,48,6,9
作合,pos,183,12,43,14,52,4,11,47
重义,pos,182,15,30,32,70,11,15,9
结盟,pos,181,7,25,36,84,6,13,10
胶漆,pos,172,29,30,31,42,12,20,8
廉直,pos,171,46,28,12,46,11,6,22
歃血,pos,169,20,29,20,63,10,17,10
同辈,pos,167,1,16,30,57,16,26,21
干城,pos,162,12,28,18,64,11,17,12
光荣,pos,158,23,24,17,58,11,11,14
会众,pos,153,4,36,26,44,12,21,10
守分,pos,145,5,21,26,40,12,28,13
伴侣,pos,138,1,12,23,39,7,26,30
兵役,pos,138,2,40,18,42,11,9,16
良友,pos,132,5,18,21,23,2,25,38
故土,pos,122,10,6,8,36,5,25,32
共同,pos,121,4,39,25,33,3,9,8
誓言,pos,118,12,34,26,26,7,7,6
信从,pos,117,11,4,9,58,6,14,15
金兰,pos,112,2,28,19,22,5,20,16
誓约,pos,107,1,8,3,73,17,3,2
杀敌,pos,100,5,9,10,38,11,13,14
同甘苦,pos,97,4,1,3,49,17,10,13
葵藿,pos,93,2,28,17,35,2,6,3
匪石,pos,86,15,23,9,23,1,4,11
坚贞,pos,84,2,20,15,29,1,9,8
誓师,pos,82,4,2,7,40,5,7,17
忠君,pos,79,5,3,4,11,7,26,23
继承,pos,78,2,20,9,29,5,8,5
践言,pos,78,1,3,11,54,1,5,3
水兵,pos,71,2,8,6,18,7,21,9
爱国,pos,71,4,7,3,24,2,12,19
益友,pos,69,5,9,10,30,1,8,6
靖乱,pos,69,4,17,6,29,2,4,7
作誓,pos,65,5,15,14,19,3,4,5
心齐,pos,62,2,12,16,19,4,6,3

观望,nag,704,25,56,39,412,72,54,46
出卖,nag,704,10,22,18,496,96,32,30
余党,nag,666,1,81,85,213,119,103,64
内应,nag,642,41,94,85,259,44,66,53
逆贼,nag,596,17,59,59,330,17,103,11
流言,nag,595,72,101,58,221,29,52,62
二心,nag,547,103,86,56,169,27,59,47
邪说,nag,529,47,31,28,207,76,38,102
离心,nag,507,42,89,84,216,19,28,29
反侧,nag,495,34,77,42,213,47,48,34
无良,nag,465,81,61,45,142,23,30,83
异类,nag,441,53,83,86,122,19,38,40
俘获,nag,412,2,27,53,152,114,36,28
背叛,nag,411,61,83,69,157,22,16,3
谗言,nag,385,63,72,48,102,21,44,35
失节,nag,366,49,60,35,121,33,28,40
内乱,nag,350,80,46,72,57,55,21,19
反间,nag,313,31,17,41,177,8,25,14
奸党,nag,312,6,30,9,109,29,50,79
见外,nag,301,12,34,34,49,6,69,97
食言,nag,255,27,37,23,109,11,23,25
倒戈,nag,254,5,50,31,99,9,43,17
怀异,nag,245,3,66,42,99,23,8,4
篡逆,nag,229,9,48,60,69,9,25,9
携贰,nag,228,12,53,24,109,20,7,3
变诈,nag,227,27,28,14,106,27,9,16
间谍,nag,225,7,14,20,131,17,9,27
负心,nag,210,1,20,8,51,7,65,58
结党,nag,190,13,20,19,73,14,18,33
忘义,nag,187,19,19,26,90,9,18,6
背盟,nag,177,12,16,12,80,32,12,13
怀恨,nag,169,14,38,21,24,3,52,17
渝盟,nag,168,2,7,1,83,63,5,7
异己,nag,166,1,13,20,52,37,10,33
负约,nag,161,28,17,6,73,7,14,16
首鼠,nag,154,8,25,23,60,10,9,19
敌情,nag,138,1,4,9,76,31,6,11
反噬,nag,131,1,38,19,41,2,12,18
敌军,nag,124,2,2,9,27,19,53,12
作对,nag,120,4,3,10,19,2,35,47
诡诈,nag,119,3,8,23,61,9,10,5
国贼,nag,118,9,20,13,48,5,19,4
走狗,nag,117,25,19,4,41,4,7,17
擅离,nag,113,3,3,1,49,13,30,14
篡立,nag,109,10,10,11,27,31,1,19
腐败,nag,105,11,11,10,30,21,12,10
变节,nag,104,24,11,30,27,6,1,5
背义,nag,100,15,7,9,37,5,25,2
奸贼,nag,98,3,19,5,30,5,26,10
贰心,nag,93,5,13,17,49,4,3,2
卖国,nag,91,5,2,5,40,12,11,16
不忠不孝,nag,89,3,12,13,36,8,13,4
求荣,nag,89,7,14,18,29,2,12,7
异族,nag,87,11,30,18,9,5,1,13
奸险,nag,82,3,8,5,45,8,5,8
违言,nag,82,4,3,8,25,6,25,11
弃义,nag,79,25,12,12,23,1,1,5
污吏,nag,70,5,4,6,8,12,19,16
死敌,nag,64,18,4,2,22,9,2,7
背弃,nag,56,6,23,4,15,1,5,2
