清,pos,71407,2508,10686,9968,23816,5783,9303,9343,（多义）
贞,pos,26587,1110,2221,3819,13099,2286,1627,2425
雅,pos,25460,1199,3762,5085,6505,1749,1672,5488,（多义）
净,pos,12146,108,2129,3113,2069,321,3280,1126
纯,pos,11625,817,1813,1409,3662,1333,897,1694
洁,pos,6288,451,892,884,2003,548,752,758
淑,pos,4656,245,944,627,1390,478,382,590
邪,nag,31628,5053,6292,4282,9876,2137,2288,1700
淫,nag,10729,2045,1867,1557,1987,553,1522,1198
荡,nag,10530,750,1999,1551,2951,603,1349,1327
贱,nag,14145,2502,2280,1902,4267,854,1181,1159
浊,nag,6119,754,1111,775,1458,998,513,510
妖,nag,9981,568,1264,884,2099,685,3523,958
污,nag,4922,632,773,622,1443,280,621,551
渎,nag,4163,373,799,514,1138,521,398,420
秽,nag,4099,296,1103,827,992,139,431,311
狎,nag,2014,125,205,379,699,81,163,362
亵,nag,856,42,64,128,209,76,122,215
脏,nag,1418,42,64,24,203,34,910,141
---
恪,pos,9240,132,1826,1498,4058,524,532,670
恪,pos,9240,132,1826,1498,4058,524,532,670
懿,pos,9038,488,1694,771,3059,1038,1105,883
祭祀,pos,8038,1168,760,2150,1982,938,498,542
祭祀,pos,8038,1168,760,2150,1982,938,498,542
菩萨,pos,7639,2,1989,3085,612,49,1648,254
酌,pos,7560,347,614,1146,2399,1451,768,835
祈,pos,6521,328,810,1097,2274,885,587,540
灌,pos,6169,869,1040,790,1609,342,885,634
朴,pos,6158,499,703,552,1937,586,1033,848
扫,pos,5952,107,572,973,2045,413,959,883
璞,pos,5212,465,2205,948,776,117,368,333
上帝,pos,4970,589,603,615,1598,907,258,400
尔雅,pos,4832,268,658,1237,790,172,428,1279
皓,pos,4754,144,1485,743,1446,317,354,265
粹,pos,4668,190,720,480,1624,438,384,832
粹,pos,4668,190,720,480,1624,438,384,832
祭酒,pos,4108,123,586,898,1373,494,247,387
祇,pos,4101,204,926,657,1701,234,97,282
洒,pos,4087,243,574,478,1082,187,852,671
祷,pos,4045,331,406,405,1458,484,553,408
沐,pos,4029,435,581,545,1143,187,588,550
如来,pos,3967,4,1105,1593,477,67,666,55
蠲,pos,3757,80,516,236,1333,1090,220,282
祯,pos,3569,28,255,316,506,88,245,2131
禧,pos,3569,14,231,172,1361,1350,225,216
天命,pos,3522,451,569,412,1162,171,260,497
庞,pos,3493,201,567,169,1394,267,524,371
浴,pos,3483,255,646,649,919,143,598,273
天道,pos,3482,753,582,416,941,193,236,361
真人,pos,3405,897,223,192,753,124,956,260
神明,pos,3389,609,698,408,921,175,285,293
圣贤,pos,3083,178,280,194,1202,133,307,789
神仙,pos,2979,70,256,208,1112,206,722,405
因缘,pos,2674,41,565,990,579,91,328,80
无罪,pos,2666,496,305,258,1018,204,197,188
舍利,pos,2659,1,699,1311,310,96,229,13
供奉,pos,2552,5,50,139,1546,602,114,96
天竺,pos,2474,13,526,906,593,179,193,64
馨,pos,2448,108,394,254,628,308,346,410
馨,pos,2448,108,394,254,628,308,346,410
不朽,pos,2436,108,614,344,786,78,220,286
不朽,pos,2436,108,614,344,786,78,220,286
甘露,pos,2383,251,679,329,707,178,152,87
修身,pos,2360,306,242,192,750,112,258,500
修身,pos,2360,306,242,192,750,112,258,500
清白,pos,2322,186,396,420,837,96,237,150
清白,pos,2322,186,396,420,837,96,237,150
清白,pos,2322,186,396,420,837,96,237,150
天理,pos,2315,44,103,64,869,66,345,824
濯,pos,2305,178,498,392,636,136,242,223
庄严,pos,2302,14,484,1132,262,24,332,54
庄严,pos,2302,14,484,1132,262,24,332,54
明德,pos,2204,208,397,204,815,218,109,253
金刚,pos,2114,6,216,561,689,56,468,118
圣德,pos,2109,203,456,215,891,138,86,120
涤,pos,1879,140,334,288,571,155,208,183
神农,pos,1835,350,241,219,426,136,240,223
良知,pos,1772,3,2,3,26,1,362,1375
斋戒,pos,1704,166,194,334,632,128,138,112
斋戒,pos,1704,166,194,334,632,128,138,112
节制,pos,1567,23,18,41,745,433,174,133
祉,pos,1565,144,387,208,441,236,85,64
圣明,pos,1557,56,332,172,712,73,98,114
天神,pos,1522,174,271,339,298,170,166,104
天时,pos,1508,202,255,217,570,59,116,89
青衣,pos,1295,41,182,128,389,101,257,197
神灵,pos,1226,287,226,101,343,99,81,89
修行,pos,1190,71,200,307,259,19,244,90
神道,pos,1178,54,241,140,329,85,185,144
无辜,pos,1175,101,208,107,448,89,164,58
天顺,pos,1122,24,81,49,170,30,177,591
出世,pos,1122,3,120,306,392,26,183,92
观音,pos,1086,14,28,117,292,40,411,184
道家,pos,1057,51,170,99,204,97,179,257
裸,pos,1013,66,224,156,281,52,95,139
禋,pos,979,70,243,139,266,126,82,53
正道,pos,927,123,121,167,244,59,154,59
端正,pos,918,39,272,291,104,19,104,89
至人,pos,911,88,266,222,199,32,68,36
先贤,pos,872,36,194,96,343,33,55,115
圣心,pos,841,29,170,69,407,47,40,79
神圣,pos,834,136,106,82,226,46,126,112
神圣,pos,834,136,106,82,226,46,126,112
佛经,pos,833,3,206,310,151,45,48,70
先知,pos,818,151,60,60,283,48,97,119
佛寺,pos,776,1,63,145,378,74,73,42
贞节,pos,756,21,99,96,204,21,189,126
贞节,pos,756,21,99,96,204,21,189,126
贞节,pos,756,21,99,96,204,21,189,126
忠贞,pos,748,34,234,137,260,7,41,35
清洁,pos,724,122,102,152,232,34,42,40
清洁,pos,724,122,102,152,232,34,42,40
浮屠,pos,721,3,89,45,338,92,82,72
圣祖,pos,683,12,37,12,233,133,51,205
名节,pos,676,15,80,68,290,70,59,94
超然,pos,667,45,123,77,263,35,68,56
名誉,pos,652,87,113,134,208,27,45,38
神祇,pos,615,108,187,102,119,24,23,52
窈窕,pos,608,50,166,83,123,19,74,93
高尚,pos,603,17,157,109,243,21,27,29
洁白,pos,586,70,70,68,194,32,108,44
洁白,pos,586,70,70,68,194,32,108,44
崇高,pos,580,56,112,82,222,36,28,44
崇高,pos,580,56,112,82,222,36,28,44
祭器,pos,579,55,26,95,150,154,51,48
佛像,pos,578,3,52,229,131,55,84,24
帝喾,pos,574,144,107,62,124,49,16,72
天使,pos,560,124,30,30,150,50,138,38
祈祷,pos,546,2,45,72,267,42,77,41
秋水,pos,546,9,55,52,148,26,108,148
无邪,pos,535,71,45,35,288,16,31,49
受戒,pos,527,3,110,241,86,7,67,13
清虚,pos,515,12,89,93,194,21,59,47
纯粹,pos,496,24,42,29,253,41,17,90
祓,pos,493,86,73,59,153,41,25,56
不群,pos,487,31,105,99,146,39,22,45
文雅,pos,481,30,75,113,163,29,31,40
圣母,pos,480,1,21,12,93,12,216,125
神化,pos,477,26,136,94,131,11,37,42
天赐,pos,463,16,115,54,146,35,69,28
神祠,pos,453,40,51,51,150,61,45,55
无瑕,pos,452,26,58,64,114,26,94,70
无瑕,pos,452,26,58,64,114,26,94,70
晚节,pos,445,28,54,46,159,58,51,49
绝俗,pos,420,16,86,54,160,8,46,50
绝俗,pos,420,16,86,54,160,8,46,50
质直,pos,413,25,74,90,134,47,10,33
圣者,pos,397,95,55,73,90,9,41,34
自悔,pos,376,45,56,42,99,17,45,72
礼器,pos,371,27,33,84,69,61,25,72
祭礼,pos,370,14,19,48,88,99,44,58
瞻仰,pos,370,21,68,60,119,13,42,47
圣神,pos,365,6,23,36,185,56,38,21
天真,pos,351,5,49,31,128,25,72,41
少女,pos,349,36,63,37,99,7,36,71
奉祀,pos,341,25,21,6,102,105,35,47
高节,pos,340,28,92,45,110,11,35,19
笃信,pos,337,13,56,42,94,13,24,95
婚礼,pos,332,30,45,88,84,23,15,47
朝拜,pos,327,2,16,34,148,71,30,26
圣化,pos,307,25,84,32,123,17,15,11
尊严,pos,306,24,53,60,97,17,28,27
馨香,pos,306,18,34,36,92,42,51,33
施主,pos,299,3,22,90,33,1,122,28
禊,pos,292,6,49,56,107,14,34,26
白璧,pos,282,30,34,40,100,14,19,45
洗心,pos,281,4,57,27,95,9,27,62
清高,pos,279,17,64,56,72,4,42,24
不染,pos,275,4,36,68,52,8,60,47
淑女,pos,274,37,21,23,56,13,58,66
求婚,pos,273,4,24,58,134,18,11,24
庙主,pos,267,23,39,44,88,37,9,27
圣体,pos,265,8,39,16,128,25,34,15
质朴,pos,263,62,32,37,73,9,11,39
天诛,pos,253,36,57,14,97,4,17,28
降福,pos,253,34,34,31,73,53,15,13
嗣徽,pos,252,2,23,102,108,7,5,5
崇尚,pos,252,3,22,37,81,34,24,51
洁净,pos,252,11,17,29,39,11,79,66
保佑,pos,245,9,9,8,84,25,36,74
宿命,pos,243,4,103,93,27,2,12,2
贞女,pos,241,25,49,29,46,8,59,25
主祭,pos,239,12,33,40,78,20,9,47
圣迹,pos,238,3,32,164,25,1,3,10
灵柩,pos,224,3,31,12,15,12,67,84
天伦,pos,217,5,54,41,53,8,20,36
庙宇,pos,217,1,10,13,74,16,71,32
家给人足,pos,214,38,39,21,90,10,8,8
处女,pos,211,42,24,25,67,12,18,23
流芳,pos,211,2,72,37,37,2,36,25
恬淡,pos,204,34,49,46,35,7,16,17
受命于天,pos,203,53,33,13,47,24,23,10
苦节,pos,203,4,51,47,47,11,14,29
登仙,pos,202,9,32,30,61,5,31,34
圣经,pos,193,6,1,4,22,28,19,113
鉴戒,pos,192,2,37,23,67,10,17,36
无垢,pos,192,5,30,65,37,13,25,17
童男,pos,190,21,29,15,39,17,61,8
童女,pos,186,16,32,43,36,7,47,5
公孙龙,pos,182,67,17,18,39,14,10,17
庄敬,pos,182,24,26,10,58,12,21,31
令誉,pos,179,2,26,50,74,1,10,16
扬清,pos,175,2,44,47,56,7,12,7
肃穆,pos,174,2,46,56,36,26,2,6
肃穆,pos,174,2,46,56,36,26,2,6
遗教,pos,173,15,39,69,30,8,5,7
雅言,pos,173,8,18,21,51,12,14,49
芝兰,pos,172,2,25,19,37,18,45,26
四灵,pos,167,10,44,25,26,5,2,55
寄托,pos,167,14,23,27,30,3,20,50
高雅,pos,166,2,27,25,67,10,8,27
灵明,pos,161,10,11,4,25,4,22,85
肃敬,pos,160,39,28,16,51,9,4,13
光荣,pos,158,23,24,17,58,11,11,14
精致,pos,154,7,11,12,32,12,32,48
圣子,pos,153,17,17,21,49,12,23,14
敬畏,pos,152,20,13,17,45,19,17,21
素履,pos,152,4,38,16,59,9,13,13
合卺,pos,148,3,10,13,12,5,29,76
冰清,pos,148,2,24,12,30,4,24,52
冰清,pos,148,2,24,12,30,4,24,52
精魂,pos,144,13,18,23,32,1,28,29
圣灵,pos,143,1,54,25,36,11,2,14
羽化,pos,137,4,30,22,38,8,25,10
烈女,pos,134,4,6,2,29,12,23,58
雅意,pos,133,10,17,6,53,10,18,19
荣光,pos,132,2,41,30,49,4,1,5
知耻,pos,128,18,19,13,48,9,9,12
玉洁,pos,128,2,24,10,40,4,16,32
玉洁,pos,128,2,24,10,40,4,16,32
真主,pos,126,1,20,3,53,13,25,11
圣典,pos,124,5,59,24,25,4,3,4
奋不顾身,pos,121,7,9,8,70,11,9,7
卫生,pos,119,7,17,15,18,4,48,10
孔庙,pos,113,1,12,5,14,1,25,55
雅歌,pos,110,6,19,11,48,8,12,6
神曲,pos,109,1,19,2,12,8,60,7
殉葬,pos,102,8,15,13,21,8,11,26
超度,pos,94,1,12,2,4,3,33,39
雅爱,pos,94,3,9,23,34,4,12,9
灵气,pos,86,3,12,7,11,3,27,23
纯正,pos,86,1,3,1,26,16,12,27
致齐,pos,86,18,10,21,18,11,6,2
主教,pos,85,8,3,12,25,6,5,26
激浊,pos,85,2,15,14,36,7,8,3
坚贞,pos,84,2,20,15,29,1,9,8
骨气,pos,83,3,12,19,27,4,11,7
洁身,pos,83,3,7,20,34,7,5,7
雅操,pos,82,2,17,26,24,2,7,4
醇厚,pos,78,6,4,4,22,8,22,12
醇厚,pos,78,6,4,4,22,8,22,12
祷祝,pos,77,8,11,4,19,2,26,7
敬神,pos,73,6,18,14,20,3,8,4
祈求,pos,73,1,9,15,13,6,22,7
节欲,pos,73,20,15,4,15,3,5,11
真命,pos,72,2,4,3,24,3,18,18
志士仁人,pos,69,8,9,12,23,4,8,5
善缘,pos,68,6,4,15,9,3,23,8
上苍,pos,66,3,2,3,11,3,22,22
严敬,pos,65,9,11,4,33,4,1,3
守身,pos,63,11,3,5,23,1,7,13
开光,pos,63,1,3,16,17,14,7,5
纯朴,pos,61,10,19,8,17,2,2,3
杀身成仁,pos,55,2,9,3,24,3,7,7
圣女,pos,55,4,20,4,18,1,3,5
天长地久,pos,54,4,8,12,10,5,4,11
天界,pos,52,1,4,2,6,2,24,13
德治,pos,51,13,8,1,12,7,5,5
清澈,pos,50,6,8,5,16,3,8,4
纯洁,pos,48,10,8,2,12,4,4,8
纯洁,pos,48,10,8,2,12,4,4,8
精纯,pos,46,2,3,5,5,10,10,11
神性,pos,41,1,22,5,8,1,1,3
教宗,pos,40,1,2,2,12,2,11,10
信经,pos,37,2,12,12,3,2,2,4
遐福,pos,35,3,6,3,15,5,1,2
遐心,pos,33,1,7,11,4,2,3,5
扬清激浊,pos,31,1,5,8,12,2,2,1
圣父,pos,28,1,2,4,12,3,3,3
卜卦,pos,19,5,2,1,4,2,1,4
殉死,pos,17,1,4,2,5,1,2,2



贪,nag,12049,1311,1825,1767,3878,754,1333,1181
厉,nag,11302,1897,2242,1290,3200,709,677,1287
染,nag,10860,430,1510,2450,2504,486,1902,1578
染,nag,10860,430,1510,2450,2504,486,1902,1578
溺,nag,10416,926,1510,1178,3326,1064,1262,1150
溺,nag,10416,926,1510,1178,3326,1064,1262,1150
妖,nag,9981,568,1264,884,2099,685,3523,958
污,nag,9844,1264,1546,1244,2886,560,1242,1102
污,nag,9844,1264,1546,1244,2886,560,1242,1102
沉,nag,8921,377,1051,962,2590,429,1755,1757
渎,nag,8326,746,1598,1028,2276,1042,796,840
渎,nag,8326,746,1598,1028,2276,1042,796,840
秽,nag,8198,592,2206,1654,1984,278,862,622
秽,nag,8198,592,2206,1654,1984,278,862,622
蔽,nag,8000,1061,1130,826,2571,703,688,1021
迷,nag,7597,477,1340,1238,1794,211,1379,1158
诞,nag,7274,257,1805,1099,2648,432,431,602
堕,nag,7035,589,1015,1219,2119,367,888,838
坠,nag,6654,311,1067,1079,2037,431,1005,724
侮,nag,6520,770,1056,700,2552,392,514,536
侮,nag,6520,770,1056,700,2552,392,514,536
傲,nag,5036,452,706,710,1790,230,526,622
傲,nag,5036,452,706,710,1790,230,526,622
鬼神,nag,5014,895,714,738,1457,204,378,628
有罪,nag,4765,1333,617,446,1473,328,254,314
陋,nag,4679,286,835,577,1556,280,351,794
禽兽,nag,4670,954,538,760,1176,202,474,566
禽兽,nag,4670,954,538,760,1176,202,474,566
烂,nag,4564,216,662,489,1080,138,1485,494
狎,nag,4028,250,410,758,1398,162,326,724
狎,nag,4028,250,410,758,1398,162,326,724
朽,nag,3681,251,799,495,1301,118,345,372
沦,nag,3331,113,966,607,916,181,248,300
魔,nag,3287,2,685,518,347,47,1467,221
臭,nag,3194,304,406,418,630,89,684,663
僻,nag,3181,304,320,368,1004,204,447,534
痴,nag,3122,56,406,572,665,64,595,764
孽,nag,2727,381,333,302,621,214,516,360
死罪,nag,2595,234,478,294,921,317,206,145
烝,nag,2332,488,682,306,406,120,74,256
烝,nag,2332,488,682,306,406,120,74,256
罪人,nag,2262,279,350,296,847,169,155,166
垢,nag,2256,169,519,441,531,68,345,183
腐,nag,2208,282,281,191,545,146,400,363
地狱,nag,2197,1,563,1179,197,9,160,88
下流,nag,2128,212,244,226,652,168,274,352
下流,nag,2128,212,244,226,652,168,274,352
非礼,nag,2114,424,242,180,782,172,106,208
疾病,nag,2005,242,373,246,759,114,169,102
不敬,nag,1882,480,247,245,554,103,106,147
埃,nag,1753,128,248,221,544,87,299,226
亵,nag,1712,84,128,256,418,152,244,430
亵,nag,1712,84,128,256,418,152,244,430
糜,nag,1617,75,264,176,508,122,289,183
奸邪,nag,1503,227,84,97,777,158,100,60
魅,nag,1421,53,226,182,419,41,199,301
淫乱,nag,1329,453,225,168,300,66,42,75
淫乱,nag,1329,453,225,168,300,66,42,75
淫乱,nag,1329,453,225,168,300,66,42,75
无耻,nag,1299,159,144,135,414,78,93,276
无耻,nag,1299,159,144,135,414,78,93,276
无耻,nag,1299,159,144,135,414,78,93,276
好色,nag,1294,212,100,126,368,24,168,296
好色,nag,1294,212,100,126,368,24,168,296
滓,nag,1269,180,232,94,172,22,444,125
腥,nag,1268,101,103,204,330,108,278,144
失德,nag,956,104,166,182,338,52,50,64
失德,nag,956,104,166,182,338,52,50,64
有病,nag,955,130,104,81,315,28,138,159
荒淫,nag,930,99,99,198,168,48,234,84
荒淫,nag,930,99,99,198,168,48,234,84
荒淫,nag,930,99,99,198,168,48,234,84
祟,nag,888,112,87,53,184,24,116,312
风尘,nag,874,7,192,152,234,40,132,117
无度,nag,840,119,142,101,278,57,89,54
纵欲,nag,777,108,90,102,279,33,63,102
纵欲,nag,777,108,90,102,279,33,63,102
纵欲,nag,777,108,90,102,279,33,63,102
嗜欲,nag,774,124,144,138,209,32,49,78
食人,nag,754,160,129,75,201,46,79,64
罪恶,nag,730,83,81,63,362,28,75,38
罪过,nag,712,122,78,92,196,6,155,63
堕落,nag,675,63,105,138,114,18,129,108
堕落,nag,675,63,105,138,114,18,129,108
堕落,nag,675,63,105,138,114,18,129,108
共工,nag,669,159,163,88,133,27,26,73
嫚,nag,666,268,72,50,154,48,12,62
嫚,nag,666,268,72,50,154,48,12,62
病人,nag,653,109,219,84,96,7,65,73
淫祀,nag,592,82,154,126,136,46,16,32
淫祀,nag,592,82,154,126,136,46,16,32
黄泉,nag,518,76,109,68,125,11,54,75
贱人,nag,509,90,60,41,97,35,151,35
重罪,nag,498,70,73,116,114,28,42,55
邪僻,nag,466,86,68,84,148,20,20,40
邪僻,nag,466,86,68,84,148,20,20,40
污秽,nag,459,48,78,54,99,15,93,72
污秽,nag,459,48,78,54,99,15,93,72
污秽,nag,459,48,78,54,99,15,93,72
贪欲,nag,452,36,114,148,48,4,84,18
贪欲,nag,452,36,114,148,48,4,84,18
妖孽,nag,448,54,60,58,118,28,98,32
妖孽,nag,448,54,60,58,118,28,98,32
妖怪,nag,439,12,25,31,83,7,256,25
放纵,nag,434,52,103,60,156,15,19,29
沉溺,nag,432,18,42,81,168,27,57,39
沉溺,nag,432,18,42,81,168,27,57,39
沉溺,nag,432,18,42,81,168,27,57,39
得病,nag,429,33,98,66,117,2,82,31
湎,nag,428,93,69,58,116,24,29,39
放荡,nag,412,24,88,60,146,16,52,26
放荡,nag,412,24,88,60,146,16,52,26
见鬼,nag,408,57,66,33,95,5,89,63
膻,nag,401,42,31,59,146,24,57,42
恐怖,nag,400,12,130,144,42,5,32,35
幽冥,nag,393,50,105,72,75,12,48,31
失节,nag,366,49,60,35,121,33,28,40
臊,nag,365,41,37,46,42,3,67,129
恶心,nag,358,13,74,98,36,6,84,47
乖戾,nag,312,24,18,24,120,30,20,76
乖戾,nag,312,24,18,24,120,30,20,76
败坏,nag,273,19,27,16,90,23,55,43
淫佚,nag,268,86,32,28,58,18,28,18
淫佚,nag,268,86,32,28,58,18,28,18
大不敬,nag,258,58,35,27,94,10,11,23
魑魅,nag,250,10,46,47,87,14,18,28
嫖,nag,250,34,15,7,39,7,51,97
败德,nag,248,10,62,54,86,8,14,14
败德,nag,248,10,62,54,86,8,14,14
糜烂,nag,237,12,36,9,69,6,72,33
糜烂,nag,237,12,36,9,69,6,72,33
糜烂,nag,237,12,36,9,69,6,72,33
阴司,nag,235,34,2,1,12,3,120,63
湮没,nag,225,5,40,16,35,23,16,90
恶鬼,nag,223,25,59,43,33,7,32,24
作古,nag,218,6,31,18,45,24,13,81
轻慢,nag,218,5,46,52,49,2,38,26
呕吐,nag,215,33,24,14,27,4,95,18
罪责,nag,214,13,37,31,84,6,36,7
失身,nag,212,24,31,23,64,12,33,25
瑕疵,nag,212,4,8,32,96,8,20,44
瑕疵,nag,212,4,8,32,96,8,20,44
侮慢,nag,210,16,39,24,94,5,20,12
沦没,nag,208,5,39,53,63,25,17,6
不洁,nag,198,31,21,23,43,9,37,34
通奸,nag,198,22,32,8,52,2,62,20
冶容,nag,198,12,54,34,54,2,12,30
通奸,nag,198,22,32,8,52,2,62,20
冶容,nag,198,12,54,34,54,2,12,30
耻辱,nag,188,58,34,29,42,2,13,10
生病,nag,181,42,41,15,33,7,27,16
沉湎,nag,180,28,6,16,72,12,28,18
沉湎,nag,180,28,6,16,72,12,28,18
污辱,nag,178,52,38,19,39,10,10,10
变态,nag,176,14,27,27,57,9,18,24
交欢,nag,172,5,26,23,57,3,41,17
魍魉,nag,170,11,35,37,36,4,33,14
不雅,nag,168,7,17,10,9,8,35,82
沉沦,nag,168,1,23,35,54,6,29,20
淫邪,nag,166,40,26,24,22,8,24,22
淫邪,nag,166,40,26,24,22,8,24,22
丑恶,nag,158,42,27,28,18,1,33,9
饕餮,nag,157,15,54,23,25,6,8,26
淫僻,nag,144,30,28,46,24,8,2,6
淫僻,nag,144,30,28,46,24,8,2,6
行淫,nag,136,32,19,36,21,2,18,8
大逆不道,nag,132,26,17,7,32,18,14,18
浊世,nag,127,42,29,19,20,3,6,8
本罪,nag,126,4,11,27,54,11,17,2
憎恶,nag,122,33,22,28,24,2,3,10
渎神,nag,118,4,6,16,50,8,12,22
渎神,nag,118,4,6,16,50,8,12,22
可憎,nag,113,2,12,11,35,8,7,38
罪行,nag,113,25,16,28,30,3,5,6
慢侮,nag,112,16,12,8,42,20,8,6
慢侮,nag,112,16,12,8,42,20,8,6
厉鬼,nag,110,18,8,7,23,1,11,42
风邪,nag,110,13,11,4,6,3,70,3
邪道,nag,108,16,17,27,26,2,17,3
腐朽,nag,106,26,24,10,16,12,10,8
腐朽,nag,106,26,24,10,16,12,10,8
可耻,nag,105,6,12,15,35,9,13,15
腐败,nag,105,11,11,10,30,21,12,10
邪径,nag,104,20,30,17,25,5,1,6
腥臊,nag,104,26,15,22,23,2,11,5
朽木,nag,103,12,13,13,29,4,14,18
重病,nag,103,7,28,28,22,1,8,9
污浊,nag,100,16,6,6,30,10,28,4
污浊,nag,100,16,6,6,30,10,28,4
狗彘,nag,95,26,5,1,16,6,26,15
污染,nag,93,5,21,10,42,2,5,8
卑污,nag,92,10,4,4,32,4,10,28
卑污,nag,92,10,4,4,32,4,10,28
咒诅,nag,87,2,13,34,24,4,5,5
麀,nag,86,25,10,19,8,1,6,17
异教,nag,83,4,14,2,20,2,6,35
寡廉,nag,78,8,4,6,20,20,6,14
寡廉,nag,78,8,4,6,20,20,6,14
中邪,nag,75,12,19,5,17,3,16,3
沦丧,nag,72,2,21,9,22,3,6,9
污吏,nag,70,5,4,6,8,12,19,16
隐君子,nag,65,5,4,1,24,7,13,11
浊流,nag,64,3,7,6,24,6,5,13
回禄,nag,62,3,3,7,12,3,5,29
淫风,nag,62,11,17,11,12,5,1,5
性乐,nag,57,1,14,12,19,4,6,1
鲜耻,nag,48,8,4,2,6,10,6,12
鲜耻,nag,48,8,4,2,6,10,6,12
原罪,nag,47,2,14,4,17,3,5,2
侮辱,nag,44,4,8,6,10,6,6,4
侮辱,nag,44,4,8,6,10,6,6,4
衰败,nag,42,3,7,7,8,3,7,7
淫行,nag,41,16,9,5,6,1,2,2
不知耻,nag,38,3,4,4,13,4,6,4
朽蠹,nag,38,7,2,5,18,1,2,3
腐坏,nag,34,1,2,3,17,1,7,3
性欲,nag,33,4,5,16,2,1,3,2
酒池肉林,nag,33,9,6,3,9,1,4,1
就木,nag,32,3,1,1,14,2,4,7
淫靡,nag,31,3,7,7,7,2,1,4
咽气,nag,30,3,7,3,8,2,4,3
茹毛饮血,nag,26,1,7,6,7,2,1,2
寡廉鲜耻,nag,23,4,2,1,3,4,3,6
污垢,nag,16,1,5,5,1,1,1,2
